# Data constructed from AERmon/phalf dataset as part of CDDS #1838
# model_level_number, a_value, a_lower_bound, a_upper_bound, b_value,
# b_lower_bounds, b_upper_bounds
1, 10.000004, 0.000000, 19.999998, 0.998870, 0.997741, 1.000000
2, 36.666672, 19.999998, 53.333336, 0.995861, 0.993982, 0.997741
3, 76.666672, 53.333336, 100.000038, 0.991355, 0.988732, 0.993982
4, 130.000015, 100.000038, 160.000000, 0.985364, 0.982002, 0.988732
5, 196.666626, 160.000000, 233.333328, 0.977900, 0.973807, 0.982002
6, 276.666656, 233.333328, 320.000000, 0.968981, 0.964167, 0.973807
7, 370.000000, 320.000000, 419.999969, 0.958627, 0.953103, 0.964167
8, 476.666656, 419.999969, 533.333374, 0.946862, 0.940641, 0.953103
9, 596.666565, 533.333374, 659.999939, 0.933713, 0.926811, 0.940641
10, 730.000000, 659.999939, 799.999939, 0.919211, 0.911643, 0.926811
11, 876.667053, 799.999939, 953.333679, 0.903390, 0.895174, 0.911643
12, 1036.666748, 953.333679, 1120.000000, 0.886287, 0.877444, 0.895174
13, 1209.999634, 1120.000000, 1300.000244, 0.867944, 0.858495, 0.877444
14, 1396.666504, 1300.000244, 1493.333496, 0.848404, 0.838372, 0.858495
15, 1596.666382, 1493.333496, 1700.000000, 0.827715, 0.817125, 0.838372
16, 1810.000244, 1700.000000, 1919.999512, 0.805928, 0.794808, 0.817125
17, 2036.666260, 1919.999512, 2153.333008, 0.783098, 0.771475, 0.794808
18, 2276.666260, 2153.333008, 2399.999756, 0.759283, 0.747187, 0.771475
19, 2529.999512, 2399.999756, 2659.999268, 0.734543, 0.722007, 0.747187
20, 2796.666504, 2659.999268, 2933.333008, 0.708944, 0.696001, 0.722007
21, 3076.666748, 2933.333008, 3219.999756, 0.682554, 0.669238, 0.696001
22, 3370.000000, 3219.999756, 3519.999512, 0.655444, 0.641793, 0.669238
23, 3676.666504, 3519.999512, 3833.333496, 0.627689, 0.613741, 0.641793
24, 3996.666016, 3833.333496, 4160.000488, 0.599367, 0.585163, 0.613741
25, 4330.000488, 4160.000488, 4499.999512, 0.570561, 0.556143, 0.585163
26, 4676.666992, 4499.999512, 4853.333496, 0.541355, 0.526766, 0.556143
27, 5036.666504, 4853.333496, 5219.999512, 0.511837, 0.497123, 0.526766
28, 5409.999023, 5219.999512, 5599.999512, 0.482101, 0.467309, 0.497123
29, 5796.666016, 5599.999512, 5993.333008, 0.452240, 0.437419, 0.467309
30, 6196.666504, 5993.333008, 6399.999512, 0.422354, 0.407554, 0.437419
31, 6609.999512, 6399.999512, 6819.999512, 0.392546, 0.377819, 0.407554
32, 7036.666504, 6819.999512, 7253.333008, 0.362920, 0.348320, 0.377819
33, 7476.666504, 7253.333008, 7699.999512, 0.333585, 0.319168, 0.348320
34, 7930.000000, 7699.999512, 8160.000977, 0.304654, 0.290477, 0.319168
35, 8396.667969, 8160.000977, 8633.339844, 0.276243, 0.262365, 0.290477
36, 8876.668945, 8633.339844, 9120.006836, 0.248470, 0.234953, 0.262365
37, 9370.008789, 9120.006836, 9620.019531, 0.221459, 0.208363, 0.234953
38, 9876.694336, 9620.019531, 10133.368164, 0.195334, 0.182726, 0.208363
39, 10396.723633, 10133.368164, 10660.079102, 0.170226, 0.158169, 0.182726
40, 10930.124023, 10660.079102, 11200.161133, 0.146266, 0.134829, 0.158169
41, 11476.904297, 11200.161133, 11753.638672, 0.123590, 0.112841, 0.134829
42, 12037.087891, 11753.638672, 12320.545898, 0.102339, 0.092348, 0.112841
43, 12610.736328, 12320.545898, 12900.934570, 0.082652, 0.073493, 0.092348
44, 13197.907227, 12900.934570, 13494.880859, 0.064677, 0.056425, 0.073493
45, 13798.678711, 13494.880859, 14102.477539, 0.048565, 0.041294, 0.056425
46, 14413.177734, 14102.477539, 14723.878906, 0.034468, 0.028258, 0.041294
47, 15041.557617, 14723.878906, 15359.236328, 0.022545, 0.017477, 0.028258
48, 15684.030273, 15359.236328, 16008.815430, 0.012962, 0.009120, 0.017477
49, 16340.859375, 16008.815430, 16672.902344, 0.005889, 0.003362, 0.009120
50, 17012.402344, 16672.902344, 17351.900391, 0.001505, 0.000385, 0.003362
51, 17699.099609, 17351.900391, 18046.291016, 0.000000, 0.000000, 0.000385
52, 18401.496094, 18046.291016, 18756.703125, 0.000000, 0.000000, 0.000000
53, 19120.291016, 18756.703125, 19483.886719, 0.000000, 0.000000, 0.000000
54, 19856.332031, 19483.886719, 20228.775391, 0.000000, 0.000000, 0.000000
55, 20610.656250, 20228.775391, 20992.527344, 0.000000, 0.000000, 0.000000
56, 21384.521484, 20992.527344, 21776.507812, 0.000000, 0.000000, 0.000000
57, 22179.449219, 21776.507812, 22582.392578, 0.000000, 0.000000, 0.000000
58, 22997.277344, 22582.392578, 23412.162109, 0.000000, 0.000000, 0.000000
59, 23840.171875, 23412.162109, 24268.179688, 0.000000, 0.000000, 0.000000
60, 24710.699219, 24268.179688, 25153.224609, 0.000000, 0.000000, 0.000000
61, 25611.910156, 25153.224609, 26070.587891, 0.000000, 0.000000, 0.000000
62, 26547.353516, 26070.587891, 27024.109375, 0.000000, 0.000000, 0.000000
63, 27521.189453, 27024.109375, 28018.261719, 0.000000, 0.000000, 0.000000
64, 28538.248047, 28018.261719, 29058.226562, 0.000000, 0.000000, 0.000000
65, 29604.123047, 29058.226562, 30150.017578, 0.000000, 0.000000, 0.000000
66, 30725.281250, 30150.017578, 31300.535156, 0.000000, 0.000000, 0.000000
67, 31909.119141, 31300.535156, 32517.710938, 0.000000, 0.000000, 0.000000
68, 33164.152344, 32517.710938, 33810.593750, 0.000000, 0.000000, 0.000000
69, 34500.062500, 33810.593750, 35189.523438, 0.000000, 0.000000, 0.000000
70, 35927.886719, 35189.523438, 36666.238281, 0.000000, 0.000000, 0.000000
71, 37460.136719, 36666.238281, 38254.027344, 0.000000, 0.000000, 0.000000
72, 39110.980469, 38254.027344, 39967.925781, 0.000000, 0.000000, 0.000000
73, 40896.390625, 39967.925781, 41824.851562, 0.000000, 0.000000, 0.000000
74, 42834.339844, 41824.851562, 43843.832031, 0.000000, 0.000000, 0.000000
75, 44945.015625, 43843.832031, 46046.207031, 0.000000, 0.000000, 0.000000
76, 47251.023438, 46046.207031, 48455.832031, 0.000000, 0.000000, 0.000000
77, 49777.589844, 48455.832031, 51099.347656, 0.000000, 0.000000, 0.000000
78, 52552.890625, 51099.347656, 54006.425781, 0.000000, 0.000000, 0.000000
79, 55608.222656, 54006.425781, 57210.015625, 0.000000, 0.000000, 0.000000
80, 58978.355469, 57210.015625, 60746.703125, 0.000000, 0.000000, 0.000000
81, 62701.832031, 60746.703125, 64656.957031, 0.000000, 0.000000, 0.000000
82, 66821.242188, 64656.957031, 68985.523438, 0.000000, 0.000000, 0.000000
83, 71383.640625, 68985.523438, 73781.765625, 0.000000, 0.000000, 0.000000
84, 76440.890625, 73781.765625, 79100.015625, 0.000000, 0.000000, 0.000000
85, 82050.007812, 79100.015625, 85000.000000, 0.000000, 0.000000, 0.000000
86, 87949.992188, 85000.000000, 87949.992188, 0.000000, 0.000000, 0.000000
